0.9140127388535032
0.9140127388535032
0.9140127388535032
0.9140127388535032
0.9140127388535032
0.9140127388535032
0.9140127388535032
0.9140127388535032
0.9140127388535032
0.9140127388535032
0.9140127388535032
0.9140127388535032
0.9140127388535032
0.9140127388535032
0.9140127388535032
0.9140127388535032
0.9140127388535032
0.9140127388535032
0.9140127388535032
0.9140127388535032
0.9235668789808917
0.9331210191082803
0.9426751592356688
0.9554140127388535
0.964968152866242
0.9745222929936306
0.9840764331210191
0.9936305732484076
1.0063694267515924
1.015923566878981
1.0254777070063694
1.035031847133758
1.0477707006369428
1.0573248407643312
1.0668789808917198
1.0764331210191083
1.0605095541401275
1.0318471337579618
1.0063694267515924
0.9808917197452229
0.9554140127388535
0.9299363057324841
0.9044585987261147
0.8757961783439491
0.8503184713375797
0.8248407643312102
0.7993630573248408
0.7738853503184714
0.7452229299363057
0.7197452229299363
0.6942675159235668
0.6687898089171974
0.643312101910828
0.6178343949044586
0.589171974522293
0.5636942675159236
0.5382165605095541
0.5127388535031847
0.4872611464968153
0.4585987261146497
0.43312101910828027
0.40764331210191085
0.3821656050955414
0.35668789808917195
0.33121019108280253
0.30254777070063693
0.2770700636942675
0.2515923566878981
0.22611464968152867
0.20063694267515925
0.1751592356687898
0.1464968152866242
0.12101910828025478
0.09554140127388536
0.07961783439490445
0.07643312101910828
0.07643312101910828
0.08598726114649681
0.09554140127388536
0.10509554140127389
0.11464968152866242
0.12420382165605096
0.1337579617834395
0.1464968152866242
0.15605095541401273
0.16560509554140126
0.1751592356687898
0.18152866242038215
0.1910828025477707
0.20063694267515925
0.21019108280254778
0.2197452229299363
0.22611464968152867
0.2356687898089172
0.24522292993630573
0.25477707006369427
0.2611464968152866
0.27070063694267515
0.2770700636942675
0.28662420382165604
0.2929936305732484
0.30254777070063693
0.3089171974522293
0.3184713375796178
0.3248407643312102
0.33121019108280253
0.34076433121019106
0.3471337579617834
0.3535031847133758
0.35987261146496813
0.36942675159235666
0.37579617834394907
0.3821656050955414
0.3885350318471338
0.39490445859872614
0.4012738853503185
0.40764331210191085
0.4140127388535032
0.42038216560509556
0.4267515923566879
0.43312101910828027
0.4394904458598726
0.445859872611465
0.45222929936305734
0.4585987261146497
0.46496815286624205
0.4713375796178344
0.4745222929936306
0.48089171974522293
0.4872611464968153
0.49363057324840764
0.4968152866242038
0.5031847133757962
0.5095541401273885
0.5127388535031847
0.5191082802547771
0.5254777070063694
0.5286624203821656
0.535031847133758
0.5414012738853503
0.5445859872611465
0.5509554140127388
0.554140127388535
0.5573248407643312
0.5636942675159236
0.5668789808917197
0.5732484076433121
0.5764331210191083
0.5828025477707006
0.5859872611464968
0.5923566878980892
0.5955414012738853
0.6019108280254777
0.6050955414012739
0.60828025477707
0.6114649681528662
0.6178343949044586
0.6210191082802548
0.6242038216560509
0.6305732484076433
0.6337579617834395
0.6369426751592356
0.6401273885350318
0.643312101910828
0.6496815286624203
0.6528662420382165
0.6560509554140127
0.6592356687898089
0.6624203821656051
0.6656050955414012
0.6687898089171974
0.6719745222929936
0.6751592356687898
0.6815286624203821
0.6847133757961783
0.6878980891719745
0.6910828025477707
0.6942675159235668
0.697452229299363
0.7006369426751592
0.7038216560509554
0.7070063694267515
0.7101910828025477
0.7133757961783439
0.7133757961783439
0.7165605095541401
0.7197452229299363
0.7229299363057324
0.7261146496815286
0.7292993630573248
0.732484076433121
0.7356687898089171
0.7388535031847133
0.7388535031847133
0.7420382165605095
0.7452229299363057
0.7484076433121019
0.7515923566878981
0.7547770700636943
0.7547770700636943
0.7579617834394905
0.7611464968152867
0.7643312101910829
0.7643312101910829
0.767515923566879
0.7707006369426752
0.7738853503184714
0.7738853503184714
0.7770700636942676
0.7802547770700637
0.7834394904458599
0.7834394904458599
0.7866242038216561
0.7898089171974523
0.7898089171974523
0.7929936305732485
0.7929936305732485
0.7961783439490446
0.7993630573248408
0.7993630573248408
0.802547770700637
0.8057324840764332
0.8057324840764332
0.8089171974522293
0.8089171974522293
0.8121019108280255
0.8152866242038217
0.8152866242038217
0.8184713375796179
0.8184713375796179
0.821656050955414
0.821656050955414
0.8248407643312102
0.8248407643312102
0.8280254777070064
0.8280254777070064
0.8312101910828026
0.8312101910828026
0.8343949044585988
0.8343949044585988
0.8375796178343949
0.8375796178343949
0.8407643312101911
0.8407643312101911
0.8439490445859873
0.8439490445859873
0.8471337579617835
0.8471337579617835
0.8503184713375797
0.8503184713375797
0.8503184713375797
0.8535031847133758
0.8535031847133758
0.856687898089172
0.856687898089172
0.856687898089172
0.8598726114649682
0.8598726114649682
0.8630573248407644
0.8630573248407644
0.8630573248407644
0.8662420382165605
0.8662420382165605
0.8662420382165605
0.8694267515923567
0.8694267515923567
0.8694267515923567
0.8726114649681529
0.8726114649681529
0.8726114649681529
0.8757961783439491
0.8757961783439491
0.8757961783439491
0.8789808917197452
0.8789808917197452
0.8789808917197452
0.8789808917197452
0.8821656050955414
0.8821656050955414
0.8821656050955414
0.8821656050955414
0.8853503184713376
0.8853503184713376
0.8853503184713376
0.8885350318471338
0.8885350318471338
0.8885350318471338
0.8885350318471338
0.8885350318471338
0.89171974522293
0.89171974522293
0.89171974522293
0.89171974522293
0.8949044585987261
0.8949044585987261
0.8949044585987261
0.8949044585987261
0.8949044585987261
0.8980891719745223
0.8980891719745223
0.8980891719745223
0.8980891719745223
0.8980891719745223
0.8980891719745223
0.9012738853503185
0.9012738853503185
0.9012738853503185
0.9012738853503185
0.9012738853503185
0.9012738853503185
0.9044585987261147
0.9044585987261147
0.9044585987261147
0.9044585987261147
0.9044585987261147
0.9044585987261147
0.9044585987261147
0.9044585987261147
0.9076433121019108
0.9076433121019108
0.9076433121019108
0.9076433121019108
0.9076433121019108
0.9076433121019108
0.9076433121019108
0.9076433121019108
0.9076433121019108
0.9076433121019108
0.9076433121019108
0.910828025477707
0.910828025477707
0.910828025477707
0.910828025477707
0.910828025477707
0.910828025477707
0.910828025477707
0.910828025477707
0.910828025477707
0.910828025477707
0.910828025477707
0.910828025477707
0.910828025477707
0.910828025477707
0.910828025477707
0.910828025477707
0.9140127388535032
0.9140127388535032
0.9140127388535032
0.9140127388535032
0.9140127388535032
0.9140127388535032
0.9140127388535032
0.9140127388535032
0.9140127388535032
0.9140127388535032
0.9140127388535032
0.9140127388535032
0.9140127388535032
0.9140127388535032
0.9140127388535032
0.9140127388535032
0.9140127388535032
